m -25 -10 153 -13 -37 58 29 132 98 51
m 110 -46 37 141 45 191 187 197 183 57
w -37 -9 -6 16 -100 -187 -181 32 -1 -195
m 158 99 137 170 124 105 180 153 138 84
w -59 -96 17 -134 -46 -95 -24 -55 -72 -176
m 112 51 199 78 180 110 166 72 19 -33
w -51 -112 -138 -56 -185 -79 -183 -132 -199 -76
w -174 -186 -190 -125 -38 -133 -66 -153 -187 -131
m 3 160 144 103 60 25 39 -2 67 115
m 152 76 14 70 88 199 -2 168 175 -28
m 107 92 134 -31 192 69 58 101 76 33
m 130 37 20 123 193 -57 85 130 -71 90
m 135 186 120 116 21 -21 -74 159 -75 -49
m 182 166 169 194 172 172 142 101 88 194
m -48 125 173 121 49 69 151 194 -71 102
m 174 154 25 56 127 74 94 82 133 187
m 74 89 7 -11 104 188 -84 -67 -40 191
w -144 26 -179 -25 -36 -185 -126 -38 -179 33
w -81 25 -155 -83 -89 31 27 -33 -15 30
m 38 38 93 55 66 -28 112 190 171 172
w -86 -144 -164 -14 -18 -157 -11 -36 -74 -75
m 177 167 77 126 126 144 97 88 167 179
w 10 8 -63 -184 -68 -15 -171 -8 -26 -63
m 76 182 168 99 79 25 50 181 187 144
m 30 149 152 -68 51 74 144 42 40 -84
m 85 123 182 165 143 190 11 112 57 84
m 42 185 87 76 112 10 49 165 173 128
m 159 48 -33 150 -15 79 -8 -12 109 2
w -183 -16 -32 -139 -140 2 -18 -24 -18 6
m 37 192 168 38 38 22 139 40 80 141
m 61 73 144 181 83 173 136 157 119 134
w -195 -75 -160 -51 -192 2 -156 -96 -70 -144
m 147 22 177 39 101 51 187 89 108 85
m 163 57 -46 19 156 144 -44 -22 -79 163
w -178 -106 -94 -117 -117 -113 -94 -73 -177 -181
m 105 116 33 124 182 188 2 157 96 5
w -139 -196 -101 -68 -93 -11 -184 -98 -69 -19
m 61 183 32 120 192 64 70 170 145 -2
w -64 26 -48 64 21 -96 1 -71 50 53
w -21 -91 -93 -187 -28 -39 -127 -152 -154 -116
w -78 -195 -138 19 -12 -184 -104 -191 7 -15
m 158 143 158 169 186 95 98 124 113 164
w -133 -195 -194 -81 -109 -71 -134 -112 -171 -5
w -94 4 -160 -170 26 7 -197 -131 -74 -193
w 83 -142 -12 -115 -18 7 88 79 -158 24
m 155 145 -3 -93 70 175 131 41 -33 55
m 17 144 28 198 98 0 167 13 73 42
m 150 117 141 97 185 150 170 33 78 58
m 119 72 152 131 48 72 51 169 72 62
m 67 -8 2 84 168 180 78 -12 -54 -50
